00,
000000000000046900,
00000000000000,
00000000000000,
0000000000000000000000000000000000000000000000000000000000000000,
00000000000000000000000000000000000000000000000000000000000000000000000000000000000000000000000000000000000000000000000000000000000000000000000000000000000000000000000000000000000000000000000000000000000000000000000000000000000000000349000000000000000000000000012000,
00000000000000,
00000000000010,
000000000000000000000000000000000000000000000000000000000000000000000000000000000000000000000000000000000000000000000000000000,
000000000000000000000000000000000000,
000007,
000002,
00,
061011,
00000000000000,
00000000000000