00,
0000,
0000,
000008,
000002,
000000,
000000,
000000,
0000,
0000,
000000000000000000000000000000000000000000000000000000000000000000000000000000000000000000000000000000000000000000000000,
000000000000000000000000000000000000000000000000000000000000000000000000000000000000000000000000000000000000000000000000,
0000,
0000,
0000,
000000000000093800,
00000000000000000000000000000000000000000000000000000000000000000000000000000000000000000000000000000000000000000000000000000000000000000000000000000000000000000000000000000000000000000000000000000000000000000000000000000000,
00000000034900,
00000000000000,
00000000012000,
00000000000000,
00000000000000,
00000000000000,
00000000000000,
00000000000000,
00000000000000,
00000000000000,
00000000046900,
00000000000000,
00000000000000000000000000000000000000000000000000000000000000000000000000000000000000000000000000000000000000000000000000000000000000000000000000000000000000000000000000000000000000000000000000000000000000000000000000000000000000000000000000000000000000000000000000000000000000000000000000000000000000000000000000000000000000000000000000000000000000000000000000000000000000000000000000000000,
00000000000000,
00000000015400,
00000000000000,
00000000000000,
00000000000000,
0000000000000000000000000000000000000000000000000000000000000000,
101011